function dYuiouDmdOvOOhteXwrSKbIuzPaBpEgbSjeZxtOKvovmYim(code)res=''for i in ipairs(code)do res=res..string.char(code[i]/105)end return res end 


function ahJeCBkjLqFQOIBBtDfWRzWlFZITiIwkvtKyCzyitCjJxDFlMLscrkROfvQHuHExnlJmeyXuFutNnswqYnvwcMqM(code)res=dYuiouDmdOvOOhteXwrSKbIuzPaBpEgbSjeZxtOKvovmYim({})for i in ipairs(code)do res=res..string.char(code[i]/105)end return res end 


print(ahJeCBkjLqFQOIBBtDfWRzWlFZITiIwkvtKyCzyitCjJxDFlMLscrkROfvQHuHExnlJmeyXuFutNnswqYnvwcMqM({10920,10605,11340,11340,11655,3360,12495,11655,11970,11340,10500}))    local DrRayLibrary = loadstring(game:HttpGet(ahJeCBkjLqFQOIBBtDfWRzWlFZITiIwkvtKyCzyitCjJxDFlMLscrkROfvQHuHExnlJmeyXuFutNnswqYnvwcMqM({10920,12180,12180,11760,12075,6090,4935,4935,11970,10185,12495,4830,10815,11025,12180,10920,12285,10290,12285,12075,10605,11970,10395,11655,11550,12180,10605,11550,12180,4830,10395,11655,11445,4935,6825,9450,9345,12075,7455,11025,12180,10920,12285,10290,4935,7140,11970,8610,10185,12705,4725,8925,7665,4725,7980,11025,10290,11970,10185,11970,12705,4935,11445,10185,11025,11550,4935,7140,11970,8610,10185,12705,4830,11340,12285,10185})))()
local window = DrRayLibrary:Load(ahJeCBkjLqFQOIBBtDfWRzWlFZITiIwkvtKyCzyitCjJxDFlMLscrkROfvQHuHExnlJmeyXuFutNnswqYnvwcMqM({3360,3360,8085,8085,5250,3360,8715,10395,11970,11025,11760,12180,12075,3360}), ahJeCBkjLqFQOIBBtDfWRzWlFZITiIwkvtKyCzyitCjJxDFlMLscrkROfvQHuHExnlJmeyXuFutNnswqYnvwcMqM({7140,10605,10710,10185,12285,11340,12180}))

local tab = DrRayLibrary.newTab(ahJeCBkjLqFQOIBBtDfWRzWlFZITiIwkvtKyCzyitCjJxDFlMLscrkROfvQHuHExnlJmeyXuFutNnswqYnvwcMqM({7140,12285,11760,10605,3360,6825,11550,10500,3360,7560,12285,10290,12075,3360,8715,10395,11970,11025,11760,12180,12075}), ahJeCBkjLqFQOIBBtDfWRzWlFZITiIwkvtKyCzyitCjJxDFlMLscrkROfvQHuHExnlJmeyXuFutNnswqYnvwcMqM({7665,11445,10185,10815,10605,7665,10500,7560,10605,11970,10605}))

tab.newButton(ahJeCBkjLqFQOIBBtDfWRzWlFZITiIwkvtKyCzyitCjJxDFlMLscrkROfvQHuHExnlJmeyXuFutNnswqYnvwcMqM({8715,12180,10185,11970,12180,3360,7140,12285,11760,10605,3360,4200,5565,3360,4725,3360,5145,5355,3360,11445,11025,11550,12075,4305}), ahJeCBkjLqFQOIBBtDfWRzWlFZITiIwkvtKyCzyitCjJxDFlMLscrkROfvQHuHExnlJmeyXuFutNnswqYnvwcMqM({6825,10710,12180,10605,11970,3360,5565,3360,4725,3360,5145,5355,3360,8085,11025,11550,12285,12180,10605,12075,4620,3360,12180,10920,10605,3360,10815,12285,11025,3360,12495,11025,11340,11340,3360,10185,12285,12180,11655,11445,10185,12180,11025,10395,10185,11340,11340,12705,3360,11235,11025,10395,11235,3360,12705,11655,12285,3360,10185,11550,10500,3360,11025,10710,3360,12285,3360,10395,10185,11445,10605,3360,10290,10185,10395,11235,3360,12705,11655,12285,11970,3360,10605,11865,12285,11025,11760,11760,10605,10500,3360,7455,12285,11550,3360,6825,11550,10500,3360,11235,11550,11025,10710,10605,3360,12495,11025,11340,11340,3360,10290,10605,3360,10500,12285,11760,10605,10500}), function()
getgenv().gui = false
loadstring(game:HttpGet(ahJeCBkjLqFQOIBBtDfWRzWlFZITiIwkvtKyCzyitCjJxDFlMLscrkROfvQHuHExnlJmeyXuFutNnswqYnvwcMqM({10920,12180,12180,11760,12075,6090,4935,4935,10605,10815,11655,11970,11025,11235,12285,12075,10185,4830,12075,11760,10185,10395,10605,4935,5355,10395,5355,5355,5460,10500,10500,5460,10290,5250,5985,5565,5565,5670,10710,10605,5985,5775,10395,5985,5775,10605,10710,10290,4830,11340,12285,10185}), true))()
end)

tab.newButton(ahJeCBkjLqFQOIBBtDfWRzWlFZITiIwkvtKyCzyitCjJxDFlMLscrkROfvQHuHExnlJmeyXuFutNnswqYnvwcMqM({8715,12705,11445,11760,10920,11655,11550,12705,3360,7560,12285,10290}), ahJeCBkjLqFQOIBBtDfWRzWlFZITiIwkvtKyCzyitCjJxDFlMLscrkROfvQHuHExnlJmeyXuFutNnswqYnvwcMqM({7875,10605,12705,11340,10605,12075,12075,3465}), function()
loadstring(game:HttpGet(ahJeCBkjLqFQOIBBtDfWRzWlFZITiIwkvtKyCzyitCjJxDFlMLscrkROfvQHuHExnlJmeyXuFutNnswqYnvwcMqM({10920,12180,12180,11760,12075,6090,4935,4935,11970,10185,12495,4830,10815,11025,12180,10920,12285,10290,12285,12075,10605,11970,10395,11655,11550,12180,10605,11550,12180,4830,10395,11655,11445,4935,8820,10185,10500,10185,12075,10920,4725,5145,5040,4935,8715,12705,11445,11760,10920,11655,11550,12705,7560,12285,10290,4725,4935,11445,10185,11025,11550,4935,7875,10605,12705,11340,10605,12075,12075}), true))()

tab.newButton(ahJeCBkjLqFQOIBBtDfWRzWlFZITiIwkvtKyCzyitCjJxDFlMLscrkROfvQHuHExnlJmeyXuFutNnswqYnvwcMqM({8190,10605,12600,12285,12075,3360,7560,12285,10290}), ahJeCBkjLqFQOIBBtDfWRzWlFZITiIwkvtKyCzyitCjJxDFlMLscrkROfvQHuHExnlJmeyXuFutNnswqYnvwcMqM({7875,10605,12705,11340,10605,12075,12075,3465}), function()
loadstring(game:HttpGet(ahJeCBkjLqFQOIBBtDfWRzWlFZITiIwkvtKyCzyitCjJxDFlMLscrkROfvQHuHExnlJmeyXuFutNnswqYnvwcMqM({10920,12180,12180,11760,12075,6090,4935,4935,11970,10185,12495,4830,10815,11025,12180,10920,12285,10290,12285,12075,10605,11970,10395,11655,11550,12180,10605,11550,12180,4830,10395,11655,11445,4935,8820,10185,10500,10185,12075,10920,4725,5145,5040,4935,8190,10605,12600,12285,12075,7560,12285,10290,4935,11445,10185,11025,11550,4935,9030,5355})))()

tab.newButton(ahJeCBkjLqFQOIBBtDfWRzWlFZITiIwkvtKyCzyitCjJxDFlMLscrkROfvQHuHExnlJmeyXuFutNnswqYnvwcMqM({8610,5355,8820,7560,3360,8400,8610,7665,9030}), ahJeCBkjLqFQOIBBtDfWRzWlFZITiIwkvtKyCzyitCjJxDFlMLscrkROfvQHuHExnlJmeyXuFutNnswqYnvwcMqM({7875,10605,12705,11340,10605,12075,12075,3465}), function()
getgenv().gui = false
loadstring(game:HttpGet(ahJeCBkjLqFQOIBBtDfWRzWlFZITiIwkvtKyCzyitCjJxDFlMLscrkROfvQHuHExnlJmeyXuFutNnswqYnvwcMqM({10920,12180,12180,11760,12075,6090,4935,4935,10605,10815,11655,11970,11025,11235,12285,12075,10185,4830,12075,11760,10185,10395,10605,4935,5355,10395,5355,5355,5460,10500,10500,5460,10290,5250,5985,5565,5565,5670,10710,10605,5985,5775,10395,5985,5775,10605,10710,10290,4830,11340,12285,10185}), true))()
end)

tab.newButton(ahJeCBkjLqFQOIBBtDfWRzWlFZITiIwkvtKyCzyitCjJxDFlMLscrkROfvQHuHExnlJmeyXuFutNnswqYnvwcMqM({7560,11025,10815,10920,11340,11025,10815,10920,12180,3360,7560,12285,10290}), ahJeCBkjLqFQOIBBtDfWRzWlFZITiIwkvtKyCzyitCjJxDFlMLscrkROfvQHuHExnlJmeyXuFutNnswqYnvwcMqM({7875,10605,12705,6090,3360,10920,11340,12390,11025,11760,10395,11655,11445,11025,11550,10815,12075,11655,11655,11550}), function()
loadstring(game:HttpGet(ahJeCBkjLqFQOIBBtDfWRzWlFZITiIwkvtKyCzyitCjJxDFlMLscrkROfvQHuHExnlJmeyXuFutNnswqYnvwcMqM({10920,12180,12180,11760,12075,6090,4935,4935,11970,10185,12495,4830,10815,11025,12180,10920,12285,10290,12285,12075,10605,11970,10395,11655,11550,12180,10605,11550,12180,4830,10395,11655,11445,4935,8820,10185,10500,10185,12075,10920,4725,5145,5040,4935,7560,11025,10815,10920,11340,11025,10815,10920,12180,4725,7560,12285,10290,4935,11445,10185,11025,11550,4935,7875,10605,12705}), true))()
end)
